"plant.ID","Species","SP.adult","EG.adult","BH","BD","Avena","mean.dam","area","Seed.estimate"
137.0.X1203,AB,1.0,8.0,40.0,7.0,11.0,0.017,nan,272
160.0.X755,AB,1.0,1.0,16.6666666667,2.0,8.33333333333,0.00366666666667,nan,136
185.0.X1591,AB,1.0,2.0,21.0,1.0,7.0,0.03,nan,330
180.0.X1481,AB,1.0,1.0,450.0,14.0,7.0,0.000333333333333,nan,76
13.0.X1490,AB,0.5,0.5,17.5,0.5,2.22222222222,0.007,nan,28
210.0.X1686,AB,1.0,1.0,6.0,0.0,53.3333333333,0.00333333333333,nan,62
170.0.X1396,AB,1.0,1.0,14.0,2.0,2.0,0.01,nan,124
57.0.X1160,AB,0.0,1.0,55.5555555556,7.0,8.88888888889,0.00333333333333,nan,454
135.0.X1189,AB,1.0,1.0,17.0,1.0,41.6666666667,NA,nan,22
126.0.X1074,AB,1.0,0.0,420.0,1.0,13.3333333333,NA,nan,74
162.0.X1355,AB,1.0,6.0,32.0,2.0,12.0,0.01,nan,114
168.0.X1383,AB,0.0,1.0,630.0,0.0,7.0,0.0,nan,68
134.0.X1179,AB,1.0,3.0,23.0,3.0,6.0,0.004,nan,38
45.0.X1475,AB,6.0,0.0,24.0,1.0,9.0,0.000666666666667,nan,62
39.0.X1164,AB,8.0,0.0,21.0,1.0,14.0,0.00366666666667,nan,104
108.0.X313,AB,1.0,1.0,53.3333333333,6.0,17.7777777778,0.000666666666667,nan,68
163.0.X1402,AB,1.0,1.0,13.8888888889,1.0,20.0,NA,nan,28
121.0.X1129,AB,1.0,1.0,250.0,26.6666666667,13.3333333333,0.0366666666667,nan,40
229.0.X1761,AB,1.0,1.0,1600.0,1.0,20.0,0.0,nan,206
220.0.X1755,AB,0.0,0.0,8.0,0.0,53.3333333333,0.02,nan,24
71.0.X669,AB,2.0,1.0,180.0,0.0,10.0,0.0,nan,156
100.0.X933,AB,6.0,1.0,560.0,38.8888888889,27.7777777778,0.0,nan,32
70.0.X665,AB,1.0,0.0,40.0,1.0,9.0,NA,nan,76
169.0.X1390,AB,1.0,1.0,7.0,1.0,46.6666666667,0.0,nan,118
51.0.X1237,AB,5.0,1.0,26.6666666667,4.0,8.0,0.000666666666667,nan,214
65.0.X629,AB,1.0,1.0,6.0,0.0,31.1111111111,0.000333333333333,nan,18
72.0.X775,AB,1.0,1.0,4.0,1.0,8.0,0.00366666666667,nan,198
200.0.X769,AB,1.0,1.0,11.0,0.0,31.1111111111,0.00366666666667,nan,112
32.0.X1126,AB,8.0,1.0,12.0,8.0,13.0,0.007,nan,92
122.0.X1046,AB,1.0,1.0,16.6666666667,13.3333333333,16.6666666667,0.017,nan,90
173.0.X1453,AB,1.0,1.0,5.0,630.0,13.8888888889,NA,nan,26
67.0.X643,AB,1.0,6.0,21.0,2.0,12.0,0.000666666666667,nan,36
98.0.X923,AB,1.0,1.0,14.0,2.0,47.2222222222,0.00666666666667,nan,28
132.0.X1139,AB,1.0,1.0,35.5555555556,2.0,40.0,NA,nan,28
61.0.X604,AB,1.0,9.0,14.0,3.0,7.0,0.007,nan,110
136.0.X1136,AB,1.0,1.0,1140.0,0.0,10.0,0.001,nan,182
12.0.X516,AB,0.5,0.5,10.5,7.0,2.22222222222,0.0233333333333,nan,146
62.0.X611,AB,1.0,0.0,7.77777777778,7.0,26.6666666667,0.00666666666667,nan,26
105.0.X966,AB,0.0,1.0,19.0,2.0,23.3333333333,0.004,nan,48
124.0.X1060,AB,1.0,1.0,420.0,2.0,22.2222222222,0.017,nan,48
131.0.X1136,AB,6.0,1.0,17.0,7.0,17.7777777778,0.001,nan,32
12.0.X323,AB,0.5,0.5,10.5,7.0,2.22222222222,0.0233333333333,nan,62
55.0.X596,AB,2.0,1.0,50.0,3.0,11.1111111111,0.0233333333333,nan,114
92.0.X889,AB,1.0,2.0,640.0,2.0,5.0,0.001,nan,34
88.0.X866,AB,1.0,0.0,40.0,5.0,8.0,NA,nan,86
49.0.X808,AB,3.0,1.0,46.6666666667,6.0,8.33333333333,NA,nan,98
240.0.X591,AB,6.0,1.0,12.0,8.0,50.0,0.00666666666667,nan,64
92.0.X889,AB,1.0,2.0,640.0,2.0,5.0,0.001,nan,34
101.0.X940,AB,1.0,8.0,33.3333333333,11.0,3.0,0.004,nan,98
25.0.X1887,AB,0.0,0.0,5.5,1.0,41.6666666667,0.0366666666667,nan,148
171.0.X1432,AB,1.0,1.0,990.0,1.0,17.7777777778,NA,nan,68
96.0.X909,AB,3.0,1.0,11.0,4.0,10.0,0.001,nan,178
74.0.X786,AB,1.0,1.0,3.0,3.0,17.0,0.000333333333333,nan,60
177.0.X1530,AB,1.0,1.0,17.0,5.0,45.0,0.007,nan,100
26.0.X551,AB,0.5,0.5,15.0,0.5,33.3333333333,0.001,nan,82
91.0.X640,AB,1.0,1.0,12.0,5.0,25.0,0.000333333333333,nan,80
97.0.X916,AB,1.0,1.0,17.0,70.0,110.0,0.0,nan,34
106.0.X974,AB,1.0,0.0,18.0,61.1111111111,20.0,0.0005,nan,36
104.0.X965,AB,2.0,1.0,30.0,1.0,0.0,0.000666666666667,nan,74
31.0.X957,AB,12.0,1.0,25.0,1.0,16.6666666667,0.087,nan,8
187.0.X1607,AB,1.0,1.0,12.0,66.1111111111,5.0,0.000666666666667,nan,246
103.0.X950,AB,2.0,1.0,840.0,80.0,16.6666666667,0.001,nan,38
102.0.X946,AB,1.0,1.0,44.4444444444,124.444444444,46.6666666667,0.0,nan,76
189.0.X1617,AB,1.0,1.0,13.0,3.0,10.0,0.0005,nan,158
89.0.X862,AB,2.0,1.0,300.0,6.0,2.0,NA,nan,12
113.0.X990,AB,3.0,1.0,33.3333333333,22.2222222222,26.6666666667,0.007,nan,36
110.0.X1115,AB,1.0,1.0,88.8888888889,1.0,126.666666667,0.000666666666667,nan,64
109.0.X1109,AB,1.0,1.0,22.2222222222,1.0,8.0,0.000333333333333,nan,14
176.0.X1441,AB,1.0,7.0,24.0,4.0,20.0,0.0,nan,72
107.0.X980,AB,1.0,1.0,120.0,1.0,1.0,NA,nan,8
23.0.X1831,AB,0.5,0.5,10.5,0.5,41.6666666667,0.0,nan,62
44.0.X1147,AB,5.0,0.0,27.0,0.0,17.0,0.0233333333333,nan,152
175.0.X1450,AB,1.0,2.0,18.0,3.0,5.0,0.01,nan,70
202.0.X1691,AB,1.0,0.0,7.0,1.0,1.0,0.000666666666667,nan,148
66.0.X624,AB,2.0,4.0,13.3333333333,1.0,9.0,0.0055,nan,124
191.0.X1631,AB,1.0,1.0,420.0,240.0,7.0,0.000666666666667,nan,64
187.0.X1509,AB,1.0,1.0,12.0,66.1111111111,5.0,0.00366666666667,nan,286
182.0.X1568,AB,1.0,1.0,1995.0,1.0,14.0,0.001,nan,82
78.0.X709,AB,1.0,0.0,16.6666666667,0.0,17.7777777778,0.000666666666667,nan,48
167.0.X1380,AB,1.0,1.0,9.0,4.0,30.0,0.000333333333333,nan,122
73.0.X777,AB,1.0,1.0,17.0,4.0,18.0,0.000333333333333,nan,38
140.0.X1220,AB,0.0,2.0,22.2222222222,1.0,7.0,0.004,nan,74
37.0.X813,AB,7.0,1.0,6.0,5.0,4.0,0.000666666666667,nan,102
161.0.X1350,AB,1.0,1.0,77.7777777778,0.0,11.0,0.000333333333333,nan,88
64.0.X623,AB,0.0,1.0,2.0,0.0,31.1111111111,0.007,nan,30
179.0.X1424,AB,1.0,0.0,5.0,1.0,25.0,0.001,nan,28
80.0.X725,AB,2.0,1.0,31.1111111111,0.0,6.66666666667,0.00366666666667,nan,144
112.0.X981,AB,1.0,1.0,1235.0,1.0,66.1111111111,NA,nan,22
14.0.X1497,AB,0.5,0.5,8.88888888889,0.5,5.55555555556,0.000666666666667,nan,84
159.0.X1342,AB,1.0,1.0,15.0,46.6666666667,10.0,0.000333333333333,nan,56
129.0.X1092,AB,2.0,1.0,11.0,1.0,6.0,0.0533333333333,nan,76
43.0.X854,AB,7.0,0.0,75.0,17.0,10.0,0.00366666666667,nan,28
87.0.X825,AB,1.0,7.0,120.0,1.0,7.0,0.0,nan,94
85.0.X803,AB,1.0,2.0,73.8888888889,4.0,16.0,0.00333333333333,nan,32
168.0.X1371,AB,0.0,1.0,630.0,0.0,7.0,0.004,nan,256
195.0.X1663,AB,1.0,6.0,10.0,1.0,17.7777777778,0.000333333333333,nan,110
125.0.X1067,AB,1.0,5.0,20.0,0.0,10.0,0.0533333333333,nan,268
128.0.X1086,AB,1.0,1.0,6.0,0.0,13.3333333333,0.01,nan,30
86.0.X819,AB,1.0,1.0,80.0,1.0,14.0,0.0,nan,30
130.0.X1152,AB,2.0,7.0,9.0,2.0,8.88888888889,0.05,nan,70
38.0.X1094,AB,8.0,1.0,27.0,1.0,11.0,0.00666666666667,nan,86
123.0.X1053,AB,1.0,1.0,990.0,3.0,17.7777777778,0.00366666666667,nan,54
72.0.X554,AB,1.0,1.0,4.0,1.0,8.0,0.00366666666667,nan,370
21.0.X524,AB,0.5,0.5,40.0,3.0,7.77777777778,0.000666666666667,nan,98
234.0.X1807,AB,1.0,0.0,8.0,3.0,18.0,0.01,nan,58
83.0.X791,AB,1.0,1.0,16.0,3.0,17.7777777778,0.0,nan,128
93.0.X894,AB,0.0,2.0,60.0,5.0,9.0,0.0,nan,96
193.0.X1599,AB,1.0,1.0,2790.0,0.0,26.6666666667,0.01,nan,108
20.0.X1561,AB,0.5,0.5,75.0,0.5,13.3333333333,0.000333333333333,nan,72
141.0.X1226,AB,4.0,1.0,225.0,8.0,5.0,0.000666666666667,nan,76
194.0.X1606,AB,1.0,1.0,10.0,66.6666666667,11.0,0.00333333333333,nan,24
94.0.X902,AB,1.0,0.0,18.0,4.0,22.2222222222,0.00366666666667,nan,16
143.0.X1241,AB,1.0,0.0,120.0,5.0,33.3333333333,NA,nan,62
99.0.X927,AB,1.0,1.0,9.0,26.6666666667,70.0,0.01,nan,84
18.0.X558,AB,0.5,0.5,4.44444444444,0.5,8.88888888889,0.001,nan,116
22.0.X523,AB,0.5,0.0,15.0,0.5,5.55555555556,0.017,nan,142
17.0.X1542,AB,0.5,0.5,9.0,3.0,11.1111111111,0.00366666666667,nan,34
197.0.X1481,AB,1.0,1.0,8.0,0.0,40.0,0.000333333333333,nan,18
79.0.X715,AB,1.0,1.0,10.0,1.0,11.0,0.0,nan,42
82.0.X734,AB,1.0,1.0,15.0,0.0,50.0,0.007,nan,48
157.0.X1279,AB,1.0,5.0,22.0,8.0,12.0,0.00333333333333,nan,52
155.0.X1322,AB,1.0,0.0,12.0,50.0,14.0,0.00333333333333,nan,40
158.0.X1331,AB,1.0,0.0,24.0,2.0,7.0,0.000333333333333,nan,128
150.0.X1263,AB,1.0,1.0,15.0,1.0,11.1111111111,0.075,nan,108
154.0.X1258,AB,1.0,1.0,4.0,450.0,40.0,0.000333333333333,nan,42
144.0.X1321,AB,1.0,0.0,125.0,2.0,11.0,NA,nan,166
148.0.X1291,AB,1.0,1.0,1615.0,0.0,33.3333333333,NA,nan,10
174.0.X1419,AB,1.0,1.0,20.0,1.0,8.0,0.0,nan,210
190.0.X1623,AB,1.0,1.0,2660.0,1.0,10.0,0.000333333333333,nan,50
18.0.X1546,AB,0.5,0.5,4.44444444444,0.5,8.88888888889,0.007,nan,46
184.0.X1574,AB,3.0,1.0,10.0,240.0,5.0,0.05,nan,44
77.0.X702,AB,1.0,1.0,50.0,1.0,5.0,NA,nan,32
50.0.X1117,AB,1.0,0.0,16.0,3.0,11.1111111111,0.02,nan,40
146.0.X1306,AB,1.0,1.0,60.0,3.0,66.6666666667,0.0,nan,56
144.0.X1315,AB,1.0,0.0,125.0,2.0,11.0,0.000666666666667,nan,38
26.0.X1868,AB,0.5,0.5,15.0,0.5,33.3333333333,0.00666666666667,nan,66
165.0.X1369,AB,1.0,1.0,10.0,5.0,10.0,0.00333333333333,nan,74
59.0.X1358,AB,4.0,0.0,16.6666666667,5.0,22.2222222222,0.0,nan,48
28.0.X1846,AB,0.0,0.5,2.0,2.0,11.1111111111,0.000666666666667,nan,26
27.0.X840,AB,0.5,0.5,3.5,0.5,22.2222222222,0.004,nan,86
30.0.X1856,AB,0.5,0.0,4.0,0.0,44.4444444444,0.000333333333333,nan,68
29.0.X1851,AB,0.5,0.0,3.0,0.5,8.88888888889,0.00666666666667,nan,80
164.0.X1414,AB,2.0,1.0,33.3333333333,2.0,6.0,NA,nan,30
40.0.X1720,AB,8.0,1.0,10.0,4.0,18.0,0.004,nan,52
41.0.X1724,AB,8.0,1.0,8.0,0.0,33.3333333333,0.004,nan,76
211.0.X1713,AB,1.0,0.0,8.0,1.0,40.0,0.001,nan,74
13.0.X1218,AB,0.5,0.5,17.5,0.5,2.22222222222,0.001,nan,142
58.0.X1208,AB,1.0,1.0,24.0,1.0,7.0,0.001,nan,102
138.0.X1204,AB,1.0,0.0,2470.0,2.0,14.0,0.000666666666667,nan,30
95.0.X908,AB,1.0,1.0,13.0,4.0,5.0,0.000333333333333,nan,58
121.0.X1041,AB,1.0,1.0,250.0,26.6666666667,13.3333333333,0.00333333333333,nan,106
15.0.X1503,AB,0.5,0.5,8.0,0.5,6.0,0.004,nan,130
119.0.X1039,AB,3.0,1.0,90.0,4.0,7.0,0.00333333333333,nan,48
117.0.X1014,AB,2.0,3.0,12.0,4.0,10.0,0.0,nan,42
115.0.X1001,AB,5.0,1.0,22.2222222222,60.0,13.0,0.00333333333333,nan,88
188.0.X1616,AB,1.0,1.0,10.0,5.0,0.0,NA,nan,38
16.0.X1532,AB,0.5,0.0,5.5,0.5,3.5,0.0055,nan,76
24.0.X1874,AB,0.0,0.5,7.5,0.5,16.6666666667,0.025,nan,52
119.0.X1026,AB,3.0,1.0,90.0,4.0,7.0,0.007,nan,60
133.0.X1174,AB,1.0,1.0,12.0,12.0,35.5555555556,NA,nan,6
118.0.X1019,AB,2.0,1.0,35.0,3.0,14.0,0.0,nan,92
84.0.X796,AB,1.0,5.0,35.5555555556,8.0,20.0,0.00666666666667,nan,32
147.0.X1302,AB,1.0,1.0,6.0,6.0,25.0,0.00333333333333,nan,42
153.0.X1250,AB,1.0,8.0,14.0,3.0,8.0,0.000666666666667,nan,28
192.0.X1582,AB,1.0,0.0,2185.0,1.0,19.0,NA,nan,6
12.0.X1487,AB,0.5,0.5,10.5,7.0,2.22222222222,0.000666666666667,nan,34
196.0.X1653,AB,1.0,0.0,1020.0,3.0,26.6666666667,NA,nan,4
199.0.X1636,AB,4.0,0.0,0.0,10.0,8.0,NA,nan,32
19.0.X1552,AB,0.5,0.5,11.5,1.0,10.0,0.0173333333333,nan,22
56.0.X1003,AB,5.0,1.0,22.2222222222,8.0,8.33333333333,0.0366666666667,nan,16
69.0.X659,AB,1.0,1.0,450.0,1.0,35.5555555556,0.00333333333333,nan,26
116.0.X1010,AB,1.0,1.0,900.0,4.0,22.0,NA,nan,10
68.0.X648,AB,1.0,1.0,1330.0,2.0,13.0,0.0005,nan,12
63.0.X619,AB,1.0,1.0,3.0,7.0,17.0,0.007,nan,18
142.0.X1232,AB,0.0,1.0,60.0,8.0,10.0,0.00366666666667,nan,26
172.0.X1460,AB,1.0,1.0,10.0,3.0,9.0,NA,nan,14
114.0.X996,AB,8.0,1.0,35.5555555556,10.0,13.3333333333,0.001,nan,112
149.0.X1286,AB,1.0,2.0,9.0,1.0,7.0,0.001,nan,12
81.0.X730,AB,1.0,1.0,960.0,0.0,38.8888888889,0.0005,nan,12
76.0.X697,AB,3.0,1.0,16.6666666667,1.0,3.0,0.001,nan,10
156.0.X1280,AB,1.0,8.0,12.0,4.0,15.0,0.0,nan,10
78.0.X1406,AB,1.0,0.0,16.6666666667,0.0,17.7777777778,NA,nan,12
22.0.X1522,AB,0.5,0.0,15.0,0.5,5.55555555556,0.00333333333333,nan,156
215.0.X1743,AB,1.0,1.0,19.0,1.0,4.0,0.0,nan,230
152.0.X1360,AB,1.0,8.0,16.0,8.0,16.0,0.0366666666667,nan,206
53.0.X1815,AB,1.0,1.0,10.0,0.0,8.0,0.00366666666667,nan,122
183.0.X1569,AB,1.0,1.0,12.0,1.0,23.3333333333,0.0,nan,252
151.0.X1272,AB,1.0,1.0,14.0,9.0,8.0,0.00366666666667,nan,210
181.0.X1515,AB,1.0,1.0,1.0,6.0,22.2222222222,0.0,nan,154
186.0.X1584,AB,1.0,1.0,12.0,0.0,3.0,0.000333333333333,nan,516
29.0.X1852,BD,0.5,0.0,3.0,0.5,8.88888888889,NA,nan,7
30.0.X1855,BD,0.5,0.0,4.0,0.0,44.4444444444,NA,nan,1
28.0.X1848,BD,0.0,0.5,2.0,2.0,11.1111111111,NA,nan,57
27.0.X1841,BD,0.5,0.5,3.5,0.5,22.2222222222,NA,nan,35
17.0.X1539,BD,0.5,0.5,9.0,3.0,11.1111111111,NA,nan,11
114.0.X991,BD,8.0,1.0,35.5555555556,10.0,13.3333333333,0.0,nan,18
120.0.X1038,BD,2.0,1.0,25.0,5.0,8.88888888889,0.000333333333333,nan,28
189.0.X1622,BD,1.0,1.0,13.0,3.0,10.0,NA,nan,18
16.0.X1533,BD,0.5,0.0,5.5,0.5,3.5,0.0,nan,17
215.0.X1742,BD,1.0,1.0,19.0,1.0,4.0,NA,nan,41
20.0.X1557,BD,0.5,0.5,75.0,0.5,13.3333333333,0.01,nan,18
116.0.X1008,BD,1.0,1.0,900.0,4.0,22.0,NA,nan,6
56.0.X1004,BD,5.0,1.0,22.2222222222,8.0,8.33333333333,0.0333333333333,nan,43
112.0.X983,BD,1.0,1.0,1235.0,1.0,66.1111111111,NA,nan,28
119.0.X1032,BD,3.0,1.0,90.0,4.0,7.0,0.000666666666667,nan,79
200.0.X1640,BD,1.0,1.0,11.0,0.0,31.1111111111,NA,nan,8
190.0.X1625,BD,1.0,1.0,2660.0,1.0,10.0,NA,nan,1
23.0.X1830,BD,0.5,0.5,10.5,0.5,41.6666666667,NA,nan,17
117.0.X1016,BD,2.0,3.0,12.0,4.0,10.0,0.000333333333333,nan,89
40.0.X1722,BD,8.0,1.0,10.0,4.0,18.0,NA,nan,45
25.0.X1889,BD,0.0,0.0,5.5,1.0,41.6666666667,NA,nan,21
199.0.X1637,BD,4.0,0.0,0.0,10.0,8.0,NA,nan,22
121.0.X316,BD,1.0,1.0,250.0,26.6666666667,13.3333333333,0.007,nan,113
197.0.X1662,BD,1.0,1.0,8.0,0.0,40.0,NA,nan,35
185.0.X1588,BD,1.0,2.0,21.0,1.0,7.0,NA,nan,2
196.0.X1654,BD,1.0,0.0,1020.0,3.0,26.6666666667,NA,nan,13
192.0.X1597,BD,1.0,0.0,2185.0,1.0,19.0,NA,nan,7
194.0.X1580,BD,1.0,1.0,10.0,66.6666666667,11.0,NA,nan,22
195.0.X1648,BD,1.0,6.0,10.0,1.0,17.7777777778,NA,nan,15
184.0.X1576,BD,3.0,1.0,10.0,240.0,5.0,NA,nan,42
183.0.X1510,BD,1.0,1.0,12.0,1.0,23.3333333333,NA,nan,93
193.0.X1600,BD,1.0,1.0,2790.0,0.0,26.6666666667,NA,nan,22
175.0.X1451,BD,1.0,2.0,18.0,3.0,5.0,NA,nan,12
172.0.X1461,BD,1.0,1.0,10.0,3.0,9.0,NA,nan,27
177.0.X1437,BD,1.0,1.0,17.0,5.0,45.0,0.001,nan,28
171.0.X1467,BD,1.0,1.0,990.0,1.0,17.7777777778,0.0,nan,11
123.0.X1054,BD,1.0,1.0,990.0,3.0,17.7777777778,NA,nan,11
115.0.X998,BD,5.0,1.0,22.2222222222,60.0,13.0,0.000333333333333,nan,66
191.0.X287,BD,1.0,1.0,420.0,240.0,7.0,NA,nan,63
118.0.X1021,BD,2.0,1.0,35.0,3.0,14.0,0.0,nan,27
22.0.X1521,BD,0.5,0.0,15.0,0.5,5.55555555556,0.0,nan,114
176.0.X1444,BD,1.0,7.0,24.0,4.0,20.0,0.0005,nan,153
21.0.X1527,BD,0.5,0.5,40.0,3.0,7.77777777778,NA,nan,101
173.0.X758,BD,1.0,1.0,5.0,630.0,13.8888888889,NA,nan,61
182.0.X1565,BD,1.0,1.0,1995.0,1.0,14.0,NA,nan,58
181.0.X1513,BD,1.0,1.0,1.0,6.0,22.2222222222,NA,nan,73
106.0.X975,BD,1.0,0.0,18.0,61.1111111111,20.0,0.0055,nan,39
122.0.X1051,BD,1.0,1.0,16.6666666667,13.3333333333,16.6666666667,0.000333333333333,nan,137
102.0.X43,BD,1.0,1.0,44.4444444444,124.444444444,46.6666666667,NA,nan,227
104.0.X960,BD,2.0,1.0,30.0,1.0,0.0,0.0005,nan,11
31.0.X956,BD,12.0,1.0,25.0,1.0,16.6666666667,0.05,nan,70
55.0.X595,BD,2.0,1.0,50.0,3.0,11.1111111111,0.004,nan,24
240.0.X590,BD,6.0,1.0,12.0,8.0,50.0,0.000333333333333,nan,11
26.0.X1869,BD,0.5,0.5,15.0,0.5,33.3333333333,0.007,nan,103
211.0.X1714,BD,1.0,0.0,8.0,1.0,40.0,NA,nan,90
139.0.X1216,BD,1.0,0.0,16.0,2.0,10.0,0.000666666666667,nan,288
18.0.X1545,BD,0.5,0.5,4.44444444444,0.5,8.88888888889,0.05,nan,131
103.0.X952,BD,2.0,1.0,840.0,80.0,16.6666666667,0.001,nan,374
24.0.X1890,BD,0.0,0.5,7.5,0.5,16.6666666667,NA,nan,51
100.0.X934,BD,6.0,1.0,560.0,38.8888888889,27.7777777778,0.0,nan,18
201.0.X1689,BD,1.0,5.0,17.0,1.0,1.0,0.05,nan,66
107.0.X977,BD,1.0,1.0,120.0,1.0,1.0,0.0,nan,24
101.0.X941,BD,1.0,8.0,33.3333333333,11.0,3.0,0.01,nan,137
91.0.X885,BD,1.0,1.0,12.0,5.0,25.0,0.000333333333333,nan,90
99.0.X932,BD,1.0,1.0,9.0,26.6666666667,70.0,NA,nan,96
89.0.X859,BD,2.0,1.0,300.0,6.0,2.0,NA,nan,50
95.0.X907,BD,1.0,1.0,13.0,4.0,5.0,0.0,nan,82
98.0.X921,BD,1.0,1.0,14.0,2.0,47.2222222222,0.0,nan,7
96.0.X910,BD,3.0,1.0,11.0,4.0,10.0,NA,nan,10
97.0.X917,BD,1.0,1.0,17.0,70.0,110.0,0.0,nan,35
93.0.X893,BD,0.0,2.0,60.0,5.0,9.0,0.0,nan,40
110.0.X1116,BD,1.0,1.0,88.8888888889,1.0,126.666666667,0.0005,nan,51
88.0.X856,BD,1.0,0.0,40.0,5.0,8.0,0.000666666666667,nan,84
50.0.X1118,BD,1.0,0.0,16.0,3.0,11.1111111111,0.000666666666667,nan,35
94.0.X899,BD,1.0,0.0,18.0,4.0,22.2222222222,0.0005,nan,29
19.0.X1550,BD,0.5,0.5,11.5,1.0,10.0,0.001,nan,88
202.0.X1690,BD,1.0,0.0,7.0,1.0,1.0,NA,nan,23
32.0.X1125,BD,8.0,1.0,12.0,8.0,13.0,NA,nan,7
105.0.X970,BD,0.0,1.0,19.0,2.0,23.3333333333,0.0,nan,84
92.0.X891,BD,1.0,2.0,640.0,2.0,5.0,NA,nan,10
108.0.X1102,BD,1.0,1.0,53.3333333333,6.0,17.7777777778,0.001,nan,26
109.0.X1106,BD,1.0,1.0,22.2222222222,1.0,8.0,NA,nan,21
187.0.X282,BD,1.0,1.0,12.0,66.1111111111,5.0,NA,nan,225
90.0.X877,BD,1.0,1.0,83.3333333333,1.0,14.0,0.0,nan,90
111.0.X1130,BD,1.0,1.0,9.0,11.1111111111,38.8888888889,0.0255,nan,35
188.0.X1611,BD,1.0,1.0,10.0,5.0,0.0,0.01,nan,254
153.0.X1248,BD,1.0,8.0,14.0,3.0,8.0,0.0,nan,6
113.0.X989,BD,3.0,1.0,33.3333333333,22.2222222222,26.6666666667,0.001,nan,78
165.0.X1370,BD,1.0,1.0,10.0,5.0,10.0,0.001,nan,15
83.0.X792,BD,1.0,1.0,16.0,3.0,17.7777777778,0.000666666666667,nan,24
66.0.X635,BD,2.0,4.0,13.3333333333,1.0,9.0,0.0,nan,7
75.0.X695,BD,1.0,1.0,380.0,1.0,4.0,0.0,nan,44
43.0.X853,BD,7.0,0.0,75.0,17.0,10.0,0.000333333333333,nan,43
74.0.X788,BD,1.0,1.0,3.0,3.0,17.0,0.0,nan,7
145.0.X1314,BD,1.0,1.0,17.7777777778,5.0,7.0,NA,nan,35
124.0.X1061,BD,1.0,1.0,420.0,2.0,22.2222222222,0.005,nan,28
154.0.X753,BD,1.0,1.0,4.0,450.0,40.0,NA,nan,46
133.0.X1175,BD,1.0,1.0,12.0,12.0,35.5555555556,NA,nan,30
76.0.X702,BD,3.0,1.0,16.6666666667,1.0,3.0,NA,nan,49
135.0.X1187,BD,1.0,1.0,17.0,1.0,41.6666666667,NA,nan,5
130.0.X1154,BD,2.0,7.0,9.0,2.0,8.88888888889,0.01,nan,39
134.0.X1183,BD,1.0,3.0,23.0,3.0,6.0,0.000333333333333,nan,47
85.0.X804,BD,1.0,2.0,73.8888888889,4.0,16.0,NA,nan,100
137.0.X1197,BD,1.0,8.0,40.0,7.0,11.0,NA,nan,44
39.0.X1162,BD,8.0,0.0,21.0,1.0,14.0,0.004,nan,131
13.0.X1493,BD,0.5,0.5,17.5,0.5,2.22222222222,NA,nan,17
14.0.X1498,BD,0.5,0.5,8.88888888889,0.5,5.55555555556,NA,nan,12
180.0.X1482,BD,1.0,1.0,450.0,14.0,7.0,0.000333333333333,nan,47
12.0.X1486,BD,0.5,0.5,10.5,7.0,2.22222222222,0.000333333333333,nan,80
234.0.X1806,BD,1.0,0.0,8.0,3.0,18.0,NA,nan,15
138.0.X1207,BD,1.0,0.0,2470.0,2.0,14.0,NA,nan,17
179.0.X1425,BD,1.0,0.0,5.0,1.0,25.0,NA,nan,49
148.0.X1292,BD,1.0,1.0,1615.0,0.0,33.3333333333,NA,nan,15
142.0.X1235,BD,0.0,1.0,60.0,8.0,10.0,NA,nan,53
143.0.X1244,BD,1.0,0.0,120.0,5.0,33.3333333333,0.000333333333333,nan,3
166.0.X1373,BD,1.0,1.0,14.0,12.0,8.0,NA,nan,34
59.0.X1333,BD,4.0,0.0,16.6666666667,5.0,22.2222222222,0.0,nan,34
51.0.X1239,BD,5.0,1.0,26.6666666667,4.0,8.0,0.000666666666667,nan,83
169.0.X1387,BD,1.0,1.0,7.0,1.0,46.6666666667,NA,nan,18
38.0.X1170,BD,8.0,1.0,27.0,1.0,11.0,0.0,nan,54
155.0.X1323,BD,1.0,0.0,12.0,50.0,14.0,NA,nan,95
73.0.X778,BD,1.0,1.0,17.0,4.0,18.0,0.0,nan,37
127.0.X1081,BD,1.0,1.0,12.0,1.0,16.6666666667,NA,nan,16
68.0.X647,BD,1.0,1.0,1330.0,2.0,13.0,0.001,nan,13
164.0.X1415,BD,2.0,1.0,33.3333333333,2.0,6.0,NA,nan,61
37.0.X814,BD,7.0,1.0,6.0,5.0,4.0,0.001,nan,14
152.0.X1359,BD,1.0,8.0,16.0,8.0,16.0,NA,nan,19
151.0.X1270,BD,1.0,1.0,14.0,9.0,8.0,NA,nan,16
44.0.X1146,BD,5.0,0.0,27.0,0.0,17.0,NA,nan,37
174.0.X1420,BD,1.0,1.0,20.0,1.0,8.0,NA,nan,121
57.0.X1159,BD,0.0,1.0,55.5555555556,7.0,8.88888888889,0.01,nan,86
70.0.X660,BD,1.0,0.0,40.0,1.0,9.0,NA,nan,6
79.0.X716,BD,1.0,1.0,10.0,1.0,11.0,0.000333333333333,nan,62
158.0.X1328,BD,1.0,0.0,24.0,2.0,7.0,0.000666666666667,nan,22
86.0.X820,BD,1.0,1.0,80.0,1.0,14.0,0.0,nan,13
84.0.X799,BD,1.0,5.0,35.5555555556,8.0,20.0,0.0,nan,13
82.0.X736,BD,1.0,1.0,15.0,0.0,50.0,NA,nan,6
160.0.X1345,BD,1.0,1.0,16.6666666667,2.0,8.33333333333,NA,nan,17
17.0.X1540,BH,0.5,0.5,9.0,3.0,11.1111111111,0.004,nan,17
200.0.X1642,BH,1.0,1.0,11.0,0.0,31.1111111111,0.0,nan,20
111.0.X1131,BH,1.0,1.0,9.0,11.1111111111,38.8888888889,0.0,nan,10
199.0.X1634,BH,4.0,0.0,0.0,10.0,8.0,NA,nan,24
112.0.X982,BH,1.0,1.0,1235.0,1.0,66.1111111111,0.0,nan,54
41.0.X1723,BH,8.0,1.0,8.0,0.0,33.3333333333,0.0005,nan,16
117.0.X1015,BH,2.0,3.0,12.0,4.0,10.0,0.000666666666667,nan,373
19.0.X1551,BH,0.5,0.5,11.5,1.0,10.0,0.0,nan,86
124.0.X1062,BH,1.0,1.0,420.0,2.0,22.2222222222,NA,nan,36
12.0.X1485,BH,0.5,0.5,10.5,7.0,2.22222222222,0.001,nan,25
13.0.X1491,BH,0.5,0.5,17.5,0.5,2.22222222222,0.0,nan,792
55.0.X597,BH,2.0,1.0,50.0,3.0,11.1111111111,0.00666666666667,nan,32
5.0.X544,BH,1.0,0.0,40.0,2.0,5.0,0.00333333333333,nan,29
194.0.X1605,BH,1.0,1.0,10.0,66.6666666667,11.0,0.0,nan,54
186.0.X1594,BH,1.0,1.0,12.0,0.0,3.0,0.0,nan,17
183.0.X1572,BH,1.0,1.0,12.0,1.0,23.3333333333,NA,nan,6
193.0.X1601,BH,1.0,1.0,2790.0,0.0,26.6666666667,NA,nan,36
220.0.X1757,BH,0.0,0.0,8.0,0.0,53.3333333333,NA,nan,19
185.0.X1586,BH,1.0,2.0,21.0,1.0,7.0,0.0,nan,26
49.0.X810,BH,3.0,1.0,46.6666666667,6.0,8.33333333333,0.0,nan,25
184.0.X1577,BH,3.0,1.0,10.0,240.0,5.0,0.0,nan,19
29.0.X1850,BH,0.5,0.0,3.0,0.5,8.88888888889,0.0,nan,18
192.0.X1596,BH,1.0,0.0,2185.0,1.0,19.0,NA,nan,95
45.0.X1472,BH,6.0,0.0,24.0,1.0,9.0,NA,nan,72
224.0.X157,BH,1.0,1.0,2550.0,0.0,26.6666666667,NA,nan,11
182.0.X765,BH,1.0,1.0,1995.0,1.0,14.0,NA,nan,51
234.0.X1805,BH,1.0,0.0,8.0,3.0,18.0,NA,nan,14
197.0.X1664,BH,1.0,1.0,8.0,0.0,40.0,NA,nan,7
30.0.X1854,BH,0.5,0.0,4.0,0.0,44.4444444444,0.0,nan,53
177.0.X1529,BH,1.0,1.0,17.0,5.0,45.0,0.01,nan,60
65.0.X631,BH,1.0,1.0,6.0,0.0,31.1111111111,0.000333333333333,nan,74
229.0.X1777,BH,1.0,1.0,1600.0,1.0,20.0,NA,nan,50
26.0.X1866,BH,0.5,0.5,15.0,0.5,33.3333333333,0.005,nan,58
240.0.X586,BH,6.0,1.0,12.0,8.0,50.0,0.0,nan,33
119.0.X1027,BH,3.0,1.0,90.0,4.0,7.0,0.0,nan,77
53.0.X1816,BH,1.0,1.0,10.0,0.0,8.0,NA,nan,166
158.0.X1330,BH,1.0,0.0,24.0,2.0,7.0,0.0005,nan,342
51.0.X1238,BH,5.0,1.0,26.6666666667,4.0,8.0,0.00333333333333,nan,43
122.0.X1050,BH,1.0,1.0,16.6666666667,13.3333333333,16.6666666667,0.0,nan,69
63.0.X617,BH,1.0,1.0,3.0,7.0,17.0,0.000333333333333,nan,53
106.0.X973,BH,1.0,0.0,18.0,61.1111111111,20.0,0.0,nan,26
123.0.X1058,BH,1.0,1.0,990.0,3.0,17.7777777778,0.0,nan,46
101.0.X939,BH,1.0,8.0,33.3333333333,11.0,3.0,0.0,nan,23
103.0.X948,BH,2.0,1.0,840.0,80.0,16.6666666667,0.000333333333333,nan,53
102.0.X944,BH,1.0,1.0,44.4444444444,124.444444444,46.6666666667,0.000333333333333,nan,148
172.0.X1459,BH,1.0,1.0,10.0,3.0,9.0,0.0,nan,24
14.0.X1459,BH,0.5,0.5,8.88888888889,0.5,5.55555555556,0.0,nan,27
105.0.X971,BH,0.0,1.0,19.0,2.0,23.3333333333,0.0,nan,46
28.0.X1843,BH,0.0,0.5,2.0,2.0,11.1111111111,NA,nan,88
104.0.X963,BH,2.0,1.0,30.0,1.0,0.0,0.000333333333333,nan,119
31.0.X955,BH,12.0,1.0,25.0,1.0,16.6666666667,0.001,nan,44
99.0.X930,BH,1.0,1.0,9.0,26.6666666667,70.0,NA,nan,42
215.0.X1741,BH,1.0,1.0,19.0,1.0,4.0,0.0,nan,46
25.0.X1878,BH,0.0,0.0,5.5,1.0,41.6666666667,0.0,nan,30
170.0.X1394,BH,1.0,1.0,14.0,2.0,2.0,NA,nan,94
100.0.X935,BH,6.0,1.0,560.0,38.8888888889,27.7777777778,0.0005,nan,34
175.0.X1447,BH,1.0,2.0,18.0,3.0,5.0,0.0055,nan,125
173.0.X1458,BH,1.0,1.0,5.0,630.0,13.8888888889,NA,nan,14
157.0.X1278,BH,1.0,5.0,22.0,8.0,12.0,NA,nan,98
96.0.X912,BH,3.0,1.0,11.0,4.0,10.0,NA,nan,35
181.0.X1517,BH,1.0,1.0,1.0,6.0,22.2222222222,NA,nan,24
21.0.X1528,BH,0.5,0.5,40.0,3.0,7.77777777778,0.0,nan,36
176.0.X1442,BH,1.0,7.0,24.0,4.0,20.0,0.0,nan,39
131.0.X1145,BH,6.0,1.0,17.0,7.0,17.7777777778,NA,nan,103
97.0.X918,BH,1.0,1.0,17.0,70.0,110.0,0.0,nan,11
98.0.X926,BH,1.0,1.0,14.0,2.0,47.2222222222,0.0,nan,4
196.0.X1656,BH,1.0,0.0,1020.0,3.0,26.6666666667,NA,nan,104
95.0.X903,BH,1.0,1.0,13.0,4.0,5.0,NA,nan,46
129.0.X1135,BH,2.0,1.0,11.0,1.0,6.0,NA,nan,168
23.0.X1827,BH,0.5,0.5,10.5,0.5,41.6666666667,NA,nan,148
24.0.X1875,BH,0.0,0.5,7.5,0.5,16.6666666667,0.0,nan,4
27.0.X1836,BH,0.5,0.5,3.5,0.5,22.2222222222,0.00366666666667,nan,210
94.0.X901,BH,1.0,0.0,18.0,4.0,22.2222222222,0.0,nan,22
195.0.X1652,BH,1.0,6.0,10.0,1.0,17.7777777778,NA,nan,23
93.0.X897,BH,0.0,2.0,60.0,5.0,9.0,0.000333333333333,nan,25
107.0.X1099,BH,1.0,1.0,120.0,1.0,1.0,0.0005,nan,26
83.0.X789,BH,1.0,1.0,16.0,3.0,17.7777777778,0.0,nan,44
92.0.X892,BH,1.0,2.0,640.0,2.0,5.0,0.0005,nan,55
32.0.X1123,BH,8.0,1.0,12.0,8.0,13.0,0.0833333333333,nan,1
50.0.X1119,BH,1.0,0.0,16.0,3.0,11.1111111111,0.001,nan,19
108.0.X1104,BH,1.0,1.0,53.3333333333,6.0,17.7777777778,0.000666666666667,nan,64
45.0.X1473,BH,6.0,0.0,24.0,1.0,9.0,0.0005,nan,128
88.0.X864,BH,1.0,0.0,40.0,5.0,8.0,0.000333333333333,nan,215
87.0.X828,BH,1.0,7.0,120.0,1.0,7.0,0.004,nan,59
85.0.X801,BH,1.0,2.0,73.8888888889,4.0,16.0,0.0005,nan,37
149.0.X1289,BH,1.0,2.0,9.0,1.0,7.0,0.01,nan,129
110.0.X1111,BH,1.0,1.0,88.8888888889,1.0,126.666666667,0.0,nan,140
109.0.X1110,BH,1.0,1.0,22.2222222222,1.0,8.0,0.0,nan,25
89.0.X858,BH,2.0,1.0,300.0,6.0,2.0,NA,nan,10
77.0.X704,BH,1.0,1.0,50.0,1.0,5.0,0.0,nan,27
202.0.X1693,BH,1.0,0.0,7.0,1.0,1.0,0.001,nan,417
37.0.X815,BH,7.0,1.0,6.0,5.0,4.0,0.0,nan,1432
189.0.X1620,BH,1.0,1.0,13.0,3.0,10.0,0.0,nan,34
16.0.X1531,BH,0.5,0.0,5.5,0.5,3.5,0.0,nan,20
162.0.X1353,BH,1.0,6.0,32.0,2.0,12.0,0.0005,nan,60
127.0.X1079,BH,1.0,1.0,12.0,1.0,16.6666666667,0.0,nan,79
167.0.X1381,BH,1.0,1.0,9.0,4.0,30.0,NA,nan,9
91.0.X886,BH,1.0,1.0,12.0,5.0,25.0,NA,nan,270
90.0.X879,BH,1.0,1.0,83.3333333333,1.0,14.0,0.0,nan,26
147.0.X1301,BH,1.0,1.0,6.0,6.0,25.0,0.0,nan,17
130.0.X1155,BH,2.0,7.0,9.0,2.0,8.88888888889,0.00333333333333,nan,41
126.0.X1076,BH,1.0,0.0,420.0,1.0,13.3333333333,NA,nan,33
165.0.X1366,BH,1.0,1.0,10.0,5.0,10.0,0.0,nan,50
128.0.X1085,BH,1.0,1.0,6.0,0.0,13.3333333333,0.0,nan,16
57.0.X1158,BH,0.0,1.0,55.5555555556,7.0,8.88888888889,0.0,nan,50
75.0.X694,BH,1.0,1.0,380.0,1.0,4.0,0.0005,nan,39
150.0.X1267,BH,1.0,1.0,15.0,1.0,11.1111111111,0.001,nan,70
151.0.X1273,BH,1.0,1.0,14.0,9.0,8.0,0.0,nan,53
68.0.X694,BH,1.0,1.0,1330.0,2.0,13.0,0.0005,nan,79
22.0.X1523,BH,0.5,0.0,15.0,0.5,5.55555555556,0.0,nan,55
87.0.X826,BH,1.0,7.0,120.0,1.0,7.0,0.0,nan,5
171.0.X1433,BH,1.0,1.0,990.0,1.0,17.7777777778,NA,nan,93
81.0.X729,BH,1.0,1.0,960.0,0.0,38.8888888889,0.001,nan,15
155.0.X1321,BH,1.0,0.0,12.0,50.0,14.0,NA,nan,32
149.0.X1284,BH,1.0,2.0,9.0,1.0,7.0,0.0,nan,6
163.0.X1400,BH,1.0,1.0,13.8888888889,1.0,20.0,0.0,nan,6
169.0.X1392,BH,1.0,1.0,7.0,1.0,46.6666666667,0.0,nan,13
152.0.X1362,BH,1.0,8.0,16.0,8.0,16.0,0.0,nan,43
133.0.X1176,BH,1.0,1.0,12.0,12.0,35.5555555556,0.0,nan,26
164.0.X1416,BH,2.0,1.0,33.3333333333,2.0,6.0,0.0,nan,47
59.0.X1335,BH,4.0,0.0,16.6666666667,5.0,22.2222222222,0.00333333333333,nan,13
120.0.X1035,BH,2.0,1.0,25.0,5.0,8.88888888889,0.0,nan,14
6.0.X1007,BH,2.0,0.0,13.3333333333,0.5,6.66666666667,0.0,nan,25
131.0.X1040,BH,6.0,1.0,17.0,7.0,17.7777777778,0.0,nan,13
116.0.X749,BH,1.0,1.0,900.0,4.0,22.0,0.0,nan,22
131.0.X1144,BH,6.0,1.0,17.0,7.0,17.7777777778,0.0,nan,34
79.0.X717,BH,1.0,1.0,10.0,1.0,11.0,0.0,nan,5
118.0.X1023,BH,2.0,1.0,35.0,3.0,14.0,0.0,nan,23
86.0.X821,BH,1.0,1.0,80.0,1.0,14.0,0.0,nan,18
82.0.X733,BH,1.0,1.0,15.0,0.0,50.0,0.0,nan,16
84.0.X795,BH,1.0,5.0,35.5555555556,8.0,20.0,0.0,nan,10
67.0.X641,BH,1.0,6.0,21.0,2.0,12.0,0.0,nan,34
64.0.X625,BH,0.0,1.0,2.0,0.0,31.1111111111,0.0,nan,7
39.0.X1163,BH,8.0,0.0,21.0,1.0,14.0,0.0,nan,35
72.0.X673,BH,1.0,1.0,4.0,1.0,8.0,0.0,nan,102
70.0.X658,BH,1.0,0.0,40.0,1.0,9.0,0.0,nan,8
71.0.X668,BH,2.0,1.0,180.0,0.0,10.0,0.0,nan,54
139.0.X1217,BH,1.0,0.0,16.0,2.0,10.0,NA,nan,50
44.0.X1148,BH,5.0,0.0,27.0,0.0,17.0,0.000333333333333,nan,63
179.0.X1427,BH,1.0,0.0,5.0,1.0,25.0,0.001,nan,107
147.0.X1296,BH,1.0,1.0,6.0,6.0,25.0,NA,nan,36
20.0.X1558,BH,0.5,0.5,75.0,0.5,13.3333333333,0.0,nan,22
178.0.X762,BH,1.0,1.0,2375.0,1.0,97.7777777778,NA,nan,24
58.0.X1209,BH,1.0,1.0,24.0,1.0,7.0,NA,nan,17
160.0.X1344,BH,1.0,1.0,16.6666666667,2.0,8.33333333333,NA,nan,152
125.0.X1069,BH,1.0,5.0,20.0,0.0,10.0,0.0005,nan,34
163.0.X1404,BH,1.0,1.0,13.8888888889,1.0,20.0,NA,nan,5
159.0.X1340,BH,1.0,1.0,15.0,46.6666666667,10.0,0.0,nan,91
114.0.X994,BH,8.0,1.0,35.5555555556,10.0,13.3333333333,0.0,nan,38
135.0.X1188,BH,1.0,1.0,17.0,1.0,41.6666666667,NA,nan,110
201.0.X1683,BH,1.0,5.0,17.0,1.0,1.0,NA,nan,27
58.0.X1213,BH,1.0,1.0,24.0,1.0,7.0,0.0,nan,100
140.0.X1223,BH,0.0,2.0,22.2222222222,1.0,7.0,0.0,nan,39
61.0.X606,BH,1.0,9.0,14.0,3.0,7.0,0.000666666666667,nan,45
166.0.X1372,BH,1.0,1.0,14.0,12.0,8.0,0.000666666666667,nan,334
113.0.X986,BH,3.0,1.0,33.3333333333,22.2222222222,26.6666666667,0.000666666666667,nan,132
115.0.X997,BH,5.0,1.0,22.2222222222,60.0,13.0,0.0,nan,96
136.0.X260,BH,1.0,1.0,1140.0,0.0,10.0,NA,nan,42
18.0.X1547,BH,0.5,0.5,4.44444444444,0.5,8.88888888889,0.000333333333333,nan,174
66.0.X636,BH,2.0,4.0,13.3333333333,1.0,9.0,0.000333333333333,nan,123
170.0.X1394,BH,1.0,1.0,14.0,2.0,2.0,NA,nan,9
168.0.X1385,BH,0.0,1.0,630.0,0.0,7.0,NA,nan,61
148.0.X1293,BH,1.0,1.0,1615.0,0.0,33.3333333333,NA,nan,67
38.0.X1169,BH,8.0,1.0,27.0,1.0,11.0,0.007,nan,168
142.0.X1234,BH,0.0,1.0,60.0,8.0,10.0,0.001,nan,89
143.0.X1242,BH,1.0,0.0,120.0,5.0,33.3333333333,NA,nan,44
154.0.X1257,BH,1.0,1.0,4.0,450.0,40.0,NA,nan,56
43.0.X852,BH,7.0,0.0,75.0,17.0,10.0,0.0,nan,30
134.0.X1185,BH,1.0,3.0,23.0,3.0,6.0,0.0,nan,48
74.0.X784,BH,1.0,1.0,3.0,3.0,17.0,0.0,nan,31
129.0.X1090,BH,2.0,1.0,11.0,1.0,6.0,0.000333333333333,nan,117
132.0.X1141,BH,1.0,1.0,35.5555555556,2.0,40.0,NA,nan,31
76.0.X698,BH,3.0,1.0,16.6666666667,1.0,3.0,0.000333333333333,nan,53
156.0.X1281,BH,1.0,8.0,12.0,4.0,15.0,0.000333333333333,nan,199
87.0.X1608,BH,1.0,7.0,120.0,1.0,7.0,NA,nan,118
157.0.X1277,BH,1.0,5.0,22.0,8.0,12.0,0.0,nan,125
141.0.X1230,BH,4.0,1.0,225.0,8.0,5.0,NA,nan,63
77.0.X703,BH,1.0,1.0,50.0,1.0,5.0,0.001,nan,31
146.0.X1305,BH,1.0,1.0,60.0,3.0,66.6666666667,NA,nan,49
141.0.X1227,BH,4.0,1.0,225.0,8.0,5.0,0.001,nan,61
140.0.X1626,BH,0.0,2.0,22.2222222222,1.0,7.0,0.0,nan,93
62.0.X613,BH,1.0,0.0,7.77777777778,7.0,26.6666666667,0.000333333333333,nan,59
72.0.X672,BH,1.0,1.0,4.0,1.0,8.0,0.001,nan,32
145.0.X1313,BH,1.0,1.0,17.7777777778,5.0,7.0,0.000333333333333,nan,170
138.0.X268,BH,1.0,0.0,2470.0,2.0,14.0,NA,nan,17
63.0.X615,BH,1.0,1.0,3.0,7.0,17.0,0.0005,nan,50
188.0.X1615,BH,1.0,1.0,10.0,5.0,0.0,0.000333333333333,nan,119
80.0.X726,BH,2.0,1.0,31.1111111111,0.0,6.66666666667,NA,nan,43
61.0.X605,BH,1.0,9.0,14.0,3.0,7.0,0.0005,nan,51
144.0.X1318,BH,1.0,0.0,125.0,2.0,11.0,NA,nan,22
126.0.X1075,BH,1.0,0.0,420.0,1.0,13.3333333333,NA,nan,24
78.0.X710,BH,1.0,0.0,16.6666666667,0.0,17.7777777778,0.000333333333333,nan,31
15.0.X1504,BH,0.5,0.5,8.0,0.5,6.0,0.0,nan,52
191.0.X1629,BH,1.0,1.0,420.0,240.0,7.0,NA,nan,74
178.0.X1430,BH,1.0,1.0,2375.0,1.0,97.7777777778,NA,nan,19
132.0.X1140,BH,1.0,1.0,35.5555555556,2.0,40.0,0.0,nan,29
67.0.X640,BH,1.0,6.0,21.0,2.0,12.0,0.000333333333333,nan,15
62.0.X612,BH,1.0,0.0,7.77777777778,7.0,26.6666666667,0.0005,nan,40
137.0.X1200,BH,1.0,8.0,40.0,7.0,11.0,NA,nan,189
140.0.X1222,BH,0.0,2.0,22.2222222222,1.0,7.0,NA,nan,67
125.0.X1134,BH,1.0,5.0,20.0,0.0,10.0,NA,nan,67
156.0.X1326,BH,1.0,8.0,12.0,4.0,15.0,NA,nan,6
153.0.X1252,BH,1.0,8.0,14.0,3.0,8.0,0.0203333333333,nan,121
174.0.X1421,BH,1.0,1.0,20.0,1.0,8.0,0.0,nan,113
180.0.X1480,BH,1.0,1.0,450.0,14.0,7.0,NA,nan,10
161.0.X1349,BH,1.0,1.0,77.7777777778,0.0,11.0,NA,nan,173
146.0.X1304,BH,1.0,1.0,60.0,3.0,66.6666666667,0.00333333333333,nan,43
162.0.X1354,BH,1.0,6.0,32.0,2.0,12.0,0.0,nan,113
144.0.X1319,BH,1.0,0.0,125.0,2.0,11.0,0.0,nan,118
78.0.X711,BH,1.0,0.0,16.6666666667,0.0,17.7777777778,0.0005,nan,46
69.0.X655,BH,1.0,1.0,450.0,1.0,35.5555555556,NA,nan,88
159.0.X1330,BH,1.0,1.0,15.0,46.6666666667,10.0,0.0005,nan,36
167.0.X1382,BH,1.0,1.0,9.0,4.0,30.0,0.007,nan,25
199.0.X1374,EG,4.0,0.0,0.0,10.0,8.0,0.0,nan,170
72.0.X675,EG,1.0,1.0,4.0,1.0,8.0,0.007,nan,54
80.0.X724,EG,2.0,1.0,31.1111111111,0.0,6.66666666667,0.001,7.14712328692,23
64.0.X627,EG,0.0,1.0,2.0,0.0,31.1111111111,0.00333333333333,nan,133
73.0.X783,EG,1.0,1.0,17.0,4.0,18.0,0.000666666666667,6.28318530718,179
124.0.X1133,EG,1.0,1.0,420.0,2.0,22.2222222222,0.000333333333333,3.14159265359,31
150.0.X1266,EG,1.0,1.0,15.0,1.0,11.1111111111,0.001,21.2057504117,81
164.0.X1417,EG,2.0,1.0,33.3333333333,2.0,6.0,0.00366666666667,nan,38
44.0.X1144,EG,5.0,0.0,27.0,0.0,17.0,0.0,nan,34
152.0.X078,EG,1.0,8.0,16.0,8.0,16.0,0.007,20.0276531666,73
125.0.X1066,EG,1.0,5.0,20.0,0.0,10.0,0.0173333333333,22.4623874732,157
134.0.X1180,EG,1.0,3.0,23.0,3.0,6.0,0.004,37.3849525777,491
167.0.X1376,EG,1.0,1.0,9.0,4.0,30.0,0.000666666666667,7.53982236862,10
82.0.X735,EG,1.0,1.0,15.0,0.0,50.0,0.00666666666667,13.8230076758,24
51.0.X1236,EG,5.0,1.0,26.6666666667,4.0,8.0,0.00366666666667,nan,43
74.0.X787,EG,1.0,1.0,3.0,3.0,17.0,0.183666666667,9.81747704247,28
86.0.X824,EG,1.0,1.0,80.0,1.0,14.0,0.000666666666667,8.95353906273,37
76.0.X701,EG,3.0,1.0,16.6666666667,1.0,3.0,0.007,nan,51
165.0.X1365,EG,1.0,1.0,10.0,5.0,10.0,0.000333333333333,nan,60
169.0.X1391,EG,1.0,1.0,7.0,1.0,46.6666666667,0.0,19.6349540849,87
154.0.X1256,EG,1.0,1.0,4.0,450.0,40.0,0.000333333333333,20.8523212382,175
127.0.X1080,EG,1.0,1.0,12.0,1.0,16.6666666667,0.007,34.5575191895,204
156.0.X127,EG,1.0,8.0,12.0,4.0,15.0,0.004,nan,274
57.0.X1157,EG,0.0,1.0,55.5555555556,7.0,8.88888888889,0.0,24.1902634326,374
39.0.X1161,EG,8.0,0.0,21.0,1.0,14.0,0.00666666666667,24.504422698,238
129.0.X1093,EG,2.0,1.0,11.0,1.0,6.0,0.00666666666667,10.9955742876,462
148.0.X1297,EG,1.0,1.0,1615.0,0.0,33.3333333333,0.007,21.5984494934,159
174.0.X1423,EG,1.0,1.0,20.0,1.0,8.0,0.00366666666667,16.4933614313,214
149.0.X1287,EG,1.0,2.0,9.0,1.0,7.0,0.0233333333333,22.0382724649,479
66.0.X639,EG,2.0,4.0,13.3333333333,1.0,9.0,0.007,8.79645943005,792
157.0.X1276,EG,1.0,5.0,22.0,8.0,12.0,0.004,46.1814120078,433
135.0.X1190,EG,1.0,1.0,17.0,1.0,41.6666666667,0.000333333333333,3.92699081699,78
122.0.X1047,EG,1.0,1.0,16.6666666667,13.3333333333,16.6666666667,0.001,11.7495565244,104
119.0.X11030,EG,3.0,1.0,90.0,4.0,7.0,NA,nan,205
115.0.X999,EG,5.0,1.0,22.2222222222,60.0,13.0,0.00366666666667,5.89048622548,326
121.0.X1044,EG,1.0,1.0,250.0,26.6666666667,13.3333333333,0.00366666666667,nan,659
102.0.X947,EG,1.0,1.0,44.4444444444,124.444444444,46.6666666667,0.000666666666667,nan,33
104.0.X962,EG,2.0,1.0,30.0,1.0,0.0,0.0336666666667,0.785398163397,205
103.0.X953,EG,2.0,1.0,840.0,80.0,16.6666666667,NA,nan,13
19.0.X1556,EG,0.5,0.5,11.5,1.0,10.0,0.00366666666667,nan,52
20.0.X1562,EG,0.5,0.5,75.0,0.5,13.3333333333,0.001,nan,132
31.0.X959,EG,12.0,1.0,25.0,1.0,16.6666666667,0.0336666666667,nan,103
187.0.X1644,EG,1.0,1.0,12.0,66.1111111111,5.0,0.000666666666667,4.71238898038,96
191.0.X1632,EG,1.0,1.0,420.0,240.0,7.0,0.02,5.10508806208,43
93.0.X895,EG,0.0,2.0,60.0,5.0,9.0,0.00366666666667,nan,92
116.0.X1011,EG,1.0,1.0,900.0,4.0,22.0,0.00366666666667,3.14159265359,50
17.0.X1540,EG,0.5,0.5,9.0,3.0,11.1111111111,0.004,nan,170
200.0.X1639,EG,1.0,1.0,11.0,0.0,31.1111111111,0.001,nan,36
114.0.X993,EG,8.0,1.0,35.5555555556,10.0,13.3333333333,0.000666666666667,10.9955742876,219
105.0.X967,EG,0.0,1.0,19.0,2.0,23.3333333333,0.01,nan,925
101.0.X942,EG,1.0,8.0,33.3333333333,11.0,3.0,0.0866666666667,13.1946891451,26
101.0.X008,EG,1.0,8.0,33.3333333333,11.0,3.0,0.01,25.5254403104,778
120.0.X1033,EG,2.0,1.0,25.0,5.0,8.88888888889,0.0,10.1316363078,224
201.0.X1685,EG,1.0,5.0,17.0,1.0,1.0,0.001,nan,57
92.0.X887,EG,1.0,2.0,640.0,2.0,5.0,0.000333333333333,36.756634047,407
32.0.X1127,EG,8.0,1.0,12.0,8.0,13.0,0.000666666666667,14.1371669412,159
204.0.X1670,EG,1.0,1.0,10.0,6.0,3.0,0.004,nan,31
204.0.X1671,EG,1.0,1.0,10.0,6.0,3.0,0.0203333333333,3.84845100065,129
207.0.X1678,EG,1.0,1.0,13.0,1.0,11.0,0.0203333333333,nan,131
123.0.X1059,EG,1.0,1.0,990.0,3.0,17.7777777778,0.0336666666667,nan,4
95.0.X906,EG,1.0,1.0,13.0,4.0,5.0,0.001,nan,175
117.0.X1018,EG,2.0,3.0,12.0,4.0,10.0,0.00333333333333,15.9043128088,181
99.0.X929,EG,1.0,1.0,9.0,26.6666666667,70.0,0.007,nan,113
97.0.X915,EG,1.0,1.0,17.0,70.0,110.0,0.0166666666667,nan,89
98.0.X925,EG,1.0,1.0,14.0,2.0,47.2222222222,0.01,nan,7
117.0.X1018,EG,2.0,3.0,12.0,4.0,10.0,0.00333333333333,15.9043128088,181
96.0.X911,EG,3.0,1.0,11.0,4.0,10.0,0.000333333333333,nan,36
50.0.X1120,EG,1.0,0.0,16.0,3.0,11.1111111111,0.004,16.4933614313,20
56.0.X1006,EG,5.0,1.0,22.2222222222,8.0,8.33333333333,0.02,nan,336
229.0.X1759,EG,1.0,1.0,1600.0,1.0,20.0,0.000333333333333,13.4695785023,103
239.0.X1865,EG,2.0,1.0,46.6666666667,0.0,53.3333333333,0.004,nan,33
170.0.X1407,EG,1.0,1.0,14.0,2.0,2.0,0.017,14.1371669412,213
219.0.X1752,EG,0.0,1.0,10.0,1.0,21.0,0.000333333333333,2.35619449019,62
107.0.X979,EG,1.0,1.0,120.0,1.0,1.0,0.00366666666667,22.2660379323,124
171.0.X1468,EG,1.0,1.0,990.0,1.0,17.7777777778,0.001,3.45575191895,99
172.0.X1462,EG,1.0,1.0,10.0,3.0,9.0,0.004,nan,7
91.0.X884,EG,1.0,1.0,12.0,5.0,25.0,0.01,19.7920337176,411
90.0.X881,EG,1.0,1.0,83.3333333333,1.0,14.0,0.000666666666667,nan,18
108.0.X1103,EG,1.0,1.0,53.3333333333,6.0,17.7777777778,0.004,35.3429173529,74
226.0.X1794,EG,1.0,1.0,5.0,6.0,26.6666666667,0.0203333333333,15.1738925168,220
69.0.X656,EG,1.0,1.0,450.0,1.0,35.5555555556,0.000666666666667,25.5254403104,242
109.0.X1105,EG,1.0,1.0,22.2222222222,1.0,8.0,0.001,70.6858347058,728
58.0.X1212,EG,1.0,1.0,24.0,1.0,7.0,0.004,19.1322992604,135
186.0.X1593,EG,1.0,1.0,12.0,0.0,3.0,0.0,5.89048622548,10
27.0.X1834,EG,0.5,0.5,3.5,0.5,22.2222222222,0.007,nan,65
184.0.X1578,EG,3.0,1.0,10.0,240.0,5.0,0.0503333333333,22.8707945181,315
136.0.X1196,EG,1.0,1.0,1140.0,0.0,10.0,0.001,nan,26
185.0.X1585,EG,1.0,2.0,21.0,1.0,7.0,0.034,10.9955742876,304
195.0.X1650,EG,1.0,6.0,10.0,1.0,17.7777777778,0.000666666666667,24.3473430653,98
47.0.X1819,EG,6.0,1.0,0.0,0.0,5.0,0.0533333333333,nan,57
24.0.X1872,EG,0.0,0.5,7.5,0.5,16.6666666667,0.0203333333333,nan,64
238.0.X160,EG,1.0,10.0,13.0,5.0,11.0,0.000333333333333,15.9278747537,374
143.0.X1247,EG,1.0,0.0,120.0,5.0,33.3333333333,0.000666666666667,23.5619449019,122
37.0.X818,EG,7.0,1.0,6.0,5.0,4.0,0.004,nan,18
194.0.X1645,EG,1.0,1.0,10.0,66.6666666667,11.0,0.00333333333333,4.71238898038,153
215.0.X1740,EG,1.0,1.0,19.0,1.0,4.0,0.000666666666667,0.863937979737,58
216.0.X1746,EG,1.0,1.0,2.0,0.0,4.0,0.004,nan,81
227.0.X1797,EG,1.0,1.0,2480.0,0.0,10.0,0.004,nan,243
63.0.X621,EG,1.0,1.0,3.0,7.0,17.0,0.004,nan,215
65.0.X632,EG,1.0,1.0,6.0,0.0,31.1111111111,0.000666666666667,45.5530934771,259
28.0.X1845,EG,0.0,0.5,2.0,2.0,11.1111111111,0.001,nan,213
214.0.X1734,EG,1.0,1.0,1280.0,0.0,11.6666666667,0.0,nan,89
228.0.X1801,EG,1.0,3.0,11.0,3.0,10.0,0.000666666666667,nan,170
159.0.X1338,EG,1.0,1.0,15.0,46.6666666667,10.0,0.001,23.7582944428,833
60.0.X1695,EG,2.0,1.0,9.0,0.0,8.0,0.001,nan,49
38.0.X1168,EG,8.0,1.0,27.0,1.0,11.0,0.0166666666667,96.1327351998,1144
49.0.X812,EG,3.0,1.0,46.6666666667,6.0,8.33333333333,0.000666666666667,51.5221195189,123
212.0.X1727,EG,2.0,2.0,7.0,0.0,15.0,0.001,3.29867228627,246
14.0.X1496,EG,0.5,0.5,8.88888888889,0.5,5.55555555556,0.000666666666667,nan,138
81.0.X732,EG,1.0,1.0,960.0,0.0,38.8888888889,0.000666666666667,nan,164
46.0.X1699,EG,6.0,1.0,3.0,0.0,15.0,0.000666666666667,nan,202
12.0.X1489,EG,0.5,0.5,10.5,7.0,2.22222222222,0.0173333333333,nan,390
84.0.X005,EG,1.0,5.0,35.5555555556,8.0,20.0,0.001,nan,405
213.0.X1732,EG,2.0,1.0,5.0,0.0,10.0,0.000666666666667,1.41371669412,139
175.0.X1448,EG,1.0,2.0,18.0,3.0,5.0,0.001,nan,160
181.0.X1516,EG,1.0,1.0,1.0,6.0,22.2222222222,0.000666666666667,nan,196
173.0.X1455,EG,1.0,1.0,5.0,630.0,13.8888888889,0.00333333333333,15.9043128088,271
177.0.X1436,EG,1.0,1.0,17.0,5.0,45.0,0.00666666666667,nan,297
176.0.X1446,EG,1.0,7.0,24.0,4.0,20.0,0.00666666666667,24.5672545511,200
21.0.X1525,EG,0.5,0.5,40.0,3.0,7.77777777778,0.000333333333333,nan,468
26.0.X1867,EG,0.5,0.5,15.0,0.5,33.3333333333,0.005,nan,38
150.0.X1264,SP,1.0,1.0,15.0,1.0,11.1111111111,0.00366666666667,nan,13
5.0.X542,SP,1.0,0.0,40.0,2.0,5.0,0.0666666666667,nan,129
16.0.X1537,SP,0.5,0.0,5.5,0.5,3.5,0.0233333333333,nan,52
33.0.X185,SP,1.0,9.0,60.0,6.0,10.0,0.0233333333333,32.9867228627,121
152.0.X079,SP,1.0,8.0,16.0,8.0,16.0,0.004,21.2057504117,31
16.0.X1537,SP,0.5,0.0,5.5,0.5,3.5,0.0233333333333,nan,53
202.0.X1692,SP,1.0,0.0,7.0,1.0,1.0,0.05,18.8495559215,253
127.0.X1083,SP,1.0,1.0,12.0,1.0,16.6666666667,0.004,26.3893782902,143
134.0.X1184,SP,1.0,3.0,23.0,3.0,6.0,0.00366666666667,28.2429179558,12
130.0.X1151,SP,2.0,7.0,9.0,2.0,8.88888888889,0.00666666666667,4.71238898038,321
221.0.X1778,SP,1.0,3.0,0.0,6.0,41.6666666667,0.0336666666667,86.3937979737,551
15.0.X1505,SP,0.5,0.5,8.0,0.5,6.0,0.0666666666667,nan,240
43.0.X678,SP,7.0,0.0,75.0,17.0,10.0,0.000333333333333,nan,58
204.0.X1660,SP,1.0,1.0,10.0,6.0,3.0,0.0,nan,141
11.0.X585,SP,0.5,0.5,33.3333333333,3.0,40.0,0.133333333333,nan,156
10.0.X578,SP,0.5,0.5,36.6666666667,2.0,11.1111111111,0.05,nan,358
8.0.X563,SP,2.0,0.5,400.0,2.0,6.5,0.133333333333,nan,112
38.0.X359,SP,8.0,1.0,27.0,1.0,11.0,0.0203333333333,23.7268785162,44
54.0.X689,SP,4.0,1.0,20.0,0.0,16.6666666667,0.0233333333333,nan,184
38.0.X359,SP,8.0,1.0,27.0,1.0,11.0,0.0203333333333,23.7268785162,125
44.0.X681,SP,5.0,0.0,27.0,0.0,17.0,0.004,41.8774300724,16
45.0.X684,SP,6.0,0.0,24.0,1.0,9.0,0.00666666666667,20.0276531666,21
63.0.X633,SP,1.0,1.0,3.0,7.0,17.0,0.0233333333333,nan,363
64.0.X626,SP,0.0,1.0,2.0,0.0,31.1111111111,0.0233333333333,nan,26
187.0.X1600,SP,1.0,1.0,12.0,66.1111111111,5.0,NA,nan,368
34.0.X163,SP,10.0,0.0,0.0,0.0,4.0,0.0503333333333,5.81194640914,451
41.0.X363,SP,8.0,1.0,8.0,0.0,33.3333333333,0.007,nan,69
2.0.X525,SP,2.0,1.0,55.5555555556,2.0,26.6666666667,0.0233333333333,nan,131
1.0.X520,SP,3.5,0.0,19.4444444444,2.5,11.1111111111,0.0366666666667,nan,246
50.0.X679,SP,1.0,0.0,16.0,3.0,11.1111111111,0.0533333333333,nan,24
37.0.X599,SP,7.0,1.0,6.0,5.0,4.0,0.000333333333333,nan,18
35.0.X173,SP,10.0,0.0,0.0,0.0,8.0,0.0233333333333,82.9380460548,777
70.0.X662,SP,1.0,0.0,40.0,1.0,9.0,0.00366666666667,20.4988920647,129
3.0.X533,SP,1.5,0.5,20.0,0.0,16.6666666667,0.0533333333333,nan,135
42.0.X602,SP,11.0,0.0,0.0,0.0,7.0,0.007,60.3657028387,164
205.0.X1672,SP,1.0,1.0,17.0,8.0,5.0,0.0366666666667,nan,29
198.0.X1666,SP,2.0,4.0,9.0,0.0,12.0,0.0233333333333,nan,142
36.0.X167,SP,10.0,0.0,0.0,0.0,3.0,NA,70.1203480281,156
203.0.X1667,SP,1.0,0.0,11.0,0.0,1.0,0.0333333333333,nan,257
32.0.X1682,SP,8.0,1.0,12.0,8.0,13.0,0.000333333333333,nan,3
4.0.X535,SP,2.5,0.0,8.0,0.5,7.5,0.0833333333333,nan,40
18.0.X1549,SP,0.5,0.5,4.44444444444,0.5,8.88888888889,0.017,nan,57
63.0.X622,SP,1.0,1.0,3.0,7.0,17.0,0.0366666666667,34.1648201078,215
164.0.X1418,SP,2.0,1.0,33.3333333333,2.0,6.0,0.000666666666667,nan,47
234.0.X1804,SP,1.0,0.0,8.0,3.0,18.0,0.007,38.4845100065,123
157.0.X1357,SP,1.0,5.0,22.0,8.0,12.0,0.0503333333333,31.6515459849,161
55.0.X593,SP,2.0,1.0,50.0,3.0,11.1111111111,0.116666666667,25.9181393921,163
83.0.X794,SP,1.0,1.0,16.0,3.0,17.7777777778,0.004,nan,27
103.0.X841,SP,2.0,1.0,840.0,80.0,16.6666666667,0.007,12.5663706144,241
81.0.X731,SP,1.0,1.0,960.0,0.0,38.8888888889,0.0533333333333,12.1736715327,127
84.0.X800,SP,1.0,5.0,35.5555555556,8.0,20.0,0.017,27.0962366372,76
225.0.X1791,SP,1.0,1.0,7.0,2.0,20.0,0.001,29.4524311274,144
125.0.X1043,SP,1.0,5.0,20.0,0.0,10.0,0.00366666666667,nan,23
96.0.X836,SP,3.0,1.0,11.0,4.0,10.0,0.00366666666667,70.7643745221,297
225.0.X1791,SP,1.0,1.0,7.0,2.0,20.0,0.001,29.4524311274,155
53.0.X687,SP,1.0,1.0,10.0,0.0,8.0,0.0203333333333,15.9043128088,24
74.0.X785,SP,1.0,1.0,3.0,3.0,17.0,0.0233333333333,3.14159265359,454
47.0.X688,SP,6.0,1.0,0.0,0.0,5.0,0.0533333333333,116.631627265,46
70.0.X662,SP,1.0,0.0,40.0,1.0,9.0,0.00366666666667,20.4988920647,10
36.0.X165,SP,10.0,0.0,0.0,0.0,3.0,0.004,35.7356164346,2
35.0.X173,SP,10.0,0.0,0.0,0.0,8.0,0.0233333333333,82.9380460548,784
182.0.X1511,SP,1.0,1.0,1995.0,1.0,14.0,0.000333333333333,10.3672557568,95
111.0.X845,SP,1.0,1.0,9.0,11.1111111111,38.8888888889,0.0233333333333,47.1238898038,50
62.0.X618,SP,1.0,0.0,7.77777777778,7.0,26.6666666667,0.07,72.2566310326,712
143.0.X1604,SP,1.0,0.0,120.0,5.0,33.3333333333,0.00366666666667,nan,9
49.0.X677,SP,3.0,1.0,46.6666666667,6.0,8.33333333333,0.000666666666667,33.6464573199,380
233.0.X1833,SP,1.0,1.0,5.0,0.0,11.0,0.0366666666667,7.42201264411,48
68.0.X651,SP,1.0,1.0,1330.0,2.0,13.0,0.067,58.4336233568,191
85.0.X806,SP,1.0,2.0,73.8888888889,4.0,16.0,0.0233333333333,nan,11
119.0.X1029,SP,3.0,1.0,90.0,4.0,7.0,0.04,14.2942465738,272
107.0.X843,SP,1.0,1.0,120.0,1.0,1.0,0.0233333333333,31.3373867196,492
113.0.X874,SP,3.0,1.0,33.3333333333,22.2222222222,26.6666666667,0.004,47.1238898038,126
98.0.X837,SP,1.0,1.0,14.0,2.0,47.2222222222,0.0233333333333,37.2671428532,57
112.0.X846,SP,1.0,1.0,1235.0,1.0,66.1111111111,0.01,3.14159265359,58
106.0.X871,SP,1.0,0.0,18.0,61.1111111111,20.0,0.01,nan,193
71.0.X671,SP,2.0,1.0,180.0,0.0,10.0,0.037,4.71238898038,92
90.0.X833,SP,1.0,1.0,83.3333333333,1.0,14.0,0.000666666666667,41.2334035784,39
39.0.X600,SP,8.0,0.0,21.0,1.0,14.0,0.04,69.0129366177,290
194.0.X1646,SP,1.0,1.0,10.0,66.6666666667,11.0,0.004,12.8334059899,96
89.0.X832,SP,2.0,1.0,300.0,6.0,2.0,0.01,16.4933614313,87
192.0.X1598,SP,1.0,0.0,2185.0,1.0,19.0,0.00666666666667,nan,31
224.0.X1787,SP,1.0,1.0,2550.0,0.0,26.6666666667,0.007,13.7444678595,272
195.0.X1651,SP,1.0,6.0,10.0,1.0,17.7777777778,0.00366666666667,10.0530964915,33
74.0.X785,SP,1.0,1.0,3.0,3.0,17.0,0.0233333333333,3.14159265359,31
212.0.X1728,SP,2.0,2.0,7.0,0.0,15.0,0.0366666666667,nan,390
180.0.X1478,SP,1.0,1.0,450.0,14.0,7.0,0.0203333333333,54.7422519888,21
109.0.X844,SP,1.0,1.0,22.2222222222,1.0,8.0,0.004,46.7311907221,276
35.0.X173,SP,10.0,0.0,0.0,0.0,8.0,0.0233333333333,82.9380460548,41
30.0.X1858,SP,0.5,0.0,4.0,0.0,44.4444444444,0.001,nan,11
237.0.X1834,SP,1.0,1.0,1440.0,0.0,12.0,0.007,14.1371669412,15
73.0.X780,SP,1.0,1.0,17.0,4.0,18.0,0.0,37.3849525777,342
229.0.X1763,SP,1.0,1.0,1600.0,1.0,20.0,0.00366666666667,10.5557513161,43
215.0.X1739,SP,1.0,1.0,19.0,1.0,4.0,0.0166666666667,24.740042147,0
160.0.X348,SP,1.0,1.0,16.6666666667,2.0,8.33333333333,NA,nan,147
240.0.X589,SP,6.0,1.0,12.0,8.0,50.0,0.133333333333,nan,282
226.0.X1796,SP,1.0,1.0,5.0,6.0,26.6666666667,0.0203333333333,4.02123859659,174
191.0.X1633,SP,1.0,1.0,420.0,240.0,7.0,0.0333333333333,17.2787595947,43
88.0.X831,SP,1.0,0.0,40.0,5.0,8.0,0.05,21.2057504117,38
6.0.X547,SP,2.0,0.0,13.3333333333,0.5,6.66666666667,0.04,nan,803
75.0.X693,SP,1.0,1.0,380.0,1.0,4.0,0.0366666666667,66.798113797,577
40.0.X601,SP,8.0,1.0,10.0,4.0,18.0,0.0233333333333,9.42477796077,233
161.0.X1352,SP,1.0,1.0,77.7777777778,0.0,11.0,0.0233333333333,15.5037597455,33
57.0.X646,SP,0.0,1.0,55.5555555556,7.0,8.88888888889,0.0203333333333,nan,113
228.0.X1800,SP,1.0,3.0,11.0,3.0,10.0,0.0203333333333,12.1736715327,92
110.0.X873,SP,1.0,1.0,88.8888888889,1.0,126.666666667,0.000333333333333,nan,154
92.0.X867,SP,1.0,2.0,640.0,2.0,5.0,0.0233333333333,24.740042147,139
199.0.X1643,SP,4.0,0.0,0.0,10.0,8.0,0.0203333333333,25.9181393921,314
66.0.X642,SP,2.0,4.0,13.3333333333,1.0,9.0,0.0166666666667,13.4303085941,316
209.0.X1708,SP,1.0,1.0,8.0,0.0,35.5555555556,0.0203333333333,18.4725648031,68
99.0.X838,SP,1.0,1.0,9.0,26.6666666667,70.0,0.0336666666667,nan,68
87.0.X830,SP,1.0,7.0,120.0,1.0,7.0,0.01,52.2289778659,627
172.0.X1434,SP,1.0,1.0,10.0,3.0,9.0,0.01,29.2168116784,36
78.0.X714,SP,1.0,0.0,16.6666666667,0.0,17.7777777778,0.04,75.3982236862,686
21.0.X1508,SP,0.5,0.5,40.0,3.0,7.77777777778,0.00366666666667,nan,44
76.0.X696,SP,3.0,1.0,16.6666666667,1.0,3.0,0.0366666666667,80.8960108299,209
102.0.X840,SP,1.0,1.0,44.4444444444,124.444444444,46.6666666667,0.004,46.6526509058,234
211.0.X1716,SP,1.0,0.0,8.0,1.0,40.0,0.01,23.5619449019,365
50.0.X679,SP,1.0,0.0,16.0,3.0,11.1111111111,0.0533333333333,nan,11
31.0.X060,SP,12.0,1.0,25.0,1.0,16.6666666667,NA,nan,61
186.0.X1583,SP,1.0,1.0,12.0,0.0,3.0,0.000333333333333,nan,81
95.0.X868,SP,1.0,1.0,13.0,4.0,5.0,0.007,nan,125
181.0.X1512,SP,1.0,1.0,1.0,6.0,22.2222222222,0.00666666666667,15.9043128088,73
210.0.X1711,SP,1.0,1.0,6.0,0.0,53.3333333333,0.0336666666667,28.2743338823,259
40.0.X601,SP,8.0,1.0,10.0,4.0,18.0,0.0233333333333,9.42477796077,71
34.0.X163,SP,10.0,0.0,0.0,0.0,4.0,0.0503333333333,5.81194640914,220
77.0.X708,SP,1.0,1.0,50.0,1.0,5.0,0.037,47.1238898038,147
120.0.X1036,SP,2.0,1.0,25.0,5.0,8.88888888889,0.00666666666667,6.87223392973,276
97.0.X869,SP,1.0,1.0,17.0,70.0,110.0,0.000666666666667,nan,285
82.0.X1387,SP,1.0,1.0,15.0,0.0,50.0,NA,nan,205
9.0.X569,SP,0.5,0.5,50.0,4.0,17.7777777778,0.007,nan,315
104.0.X842,SP,2.0,1.0,30.0,1.0,0.0,0.05,nan,658
239.0.X1864,SP,2.0,1.0,46.6666666667,0.0,53.3333333333,0.0203333333333,21.2057504117,1059
23.0.X1832,SP,0.5,0.5,10.5,0.5,41.6666666667,0.004,nan,1069
238.0.X1824,SP,1.0,10.0,13.0,5.0,11.0,0.000666666666667,59.6902604182,557
214.0.X1735,SP,1.0,1.0,1280.0,0.0,11.6666666667,0.00333333333333,16.6111711559,141
222.0.X1783,SP,1.0,1.0,17.0,2.0,62.2222222222,0.017,131.946891451,793
29.0.X1849,SP,0.5,0.0,3.0,0.5,8.88888888889,0.0336666666667,nan,694
196.0.X1657,SP,1.0,0.0,1020.0,3.0,26.6666666667,0.0233333333333,60.6955700674,287
185.0.X1590,SP,1.0,2.0,21.0,1.0,7.0,0.0233333333333,75.6338431352,585
27.0.X1842,SP,0.5,0.5,3.5,0.5,22.2222222222,0.007,nan,598
129.0.X1091,SP,2.0,1.0,11.0,1.0,6.0,0.0233333333333,105.400433528,109
22.0.X1520,SP,0.5,0.0,15.0,0.5,5.55555555556,0.0203333333333,nan,339
23.0.X1842,SP,0.5,0.5,10.5,0.5,41.6666666667,0.007,nan,1115
170.0.X1410,SP,1.0,1.0,14.0,2.0,2.0,0.004,71.4712328692,181
179.0.X1470,SP,1.0,0.0,5.0,1.0,25.0,0.0203333333333,41.2805274682,221
176.0.X1440,SP,1.0,7.0,24.0,4.0,20.0,0.00366666666667,43.5738901053,487
177.0.X1435,SP,1.0,1.0,17.0,5.0,45.0,0.0533333333333,34.5732271528,238
171.0.X1465,SP,1.0,1.0,990.0,1.0,17.7777777778,0.0366666666667,48.0663675999,326
59.0.X600,SP,4.0,0.0,16.6666666667,5.0,22.2222222222,0.04,nan,47
20.0.X1563,SP,0.5,0.5,75.0,0.5,13.3333333333,0.0366666666667,nan,723
213.0.X1721,SP,2.0,1.0,5.0,0.0,10.0,0.01,nan,375
232.0.X1773,SP,1.0,1.0,0.0,0.0,50.0,0.007,61.261056745,299
56.0.X680,SP,5.0,1.0,22.2222222222,8.0,8.33333333333,0.04,84.1161432999,1279
163.0.X1405,SP,1.0,1.0,13.8888888889,1.0,20.0,0.0203333333333,16.3362817987,294
34.0.X163,SP,10.0,0.0,0.0,0.0,4.0,0.0503333333333,5.81194640914,140
197.0.X1658,SP,1.0,1.0,8.0,0.0,40.0,0.00333333333333,39.5840674352,333
136.0.X1194,SP,1.0,1.0,1140.0,0.0,10.0,0.0233333333333,nan,400
190.0.X627,SP,1.0,1.0,2660.0,1.0,10.0,0.00333333333333,nan,345
174.0.X1411,SP,1.0,1.0,20.0,1.0,8.0,0.0203333333333,77.7544181763,539
47.0.X688,SP,6.0,1.0,0.0,0.0,5.0,0.0533333333333,116.631627265,1109
133.0.X1177,SP,1.0,1.0,12.0,12.0,35.5555555556,0.00666666666667,17.5615029336,348
117.0.X849,SP,2.0,3.0,12.0,4.0,10.0,0.004,19.6349540849,486
46.0.X685,SP,6.0,1.0,3.0,0.0,15.0,0.000666666666667,nan,428
155.0.X1325,SP,1.0,0.0,12.0,50.0,14.0,0.0533333333333,47.2809694365,360
17.0.X1543,SP,0.5,0.5,9.0,3.0,11.1111111111,0.0666666666667,nan,567
59.0.X683,SP,4.0,0.0,16.6666666667,5.0,22.2222222222,0.0833333333333,58.0566322383,555
52.0.X686,SP,5.0,1.0,6.0,0.0,19.4444444444,0.0203333333333,nan,110
51.0.X682,SP,5.0,1.0,26.6666666667,4.0,8.0,0.037,51.5221195189,764
147.0.X1300,SP,1.0,1.0,6.0,6.0,25.0,0.01,35.5471208754,98
137.0.X1201,SP,1.0,8.0,40.0,7.0,11.0,0.0166666666667,nan,36
149.0.X1285,SP,1.0,2.0,9.0,1.0,7.0,0.00666666666667,72.8064097469,764
146.0.X1308,SP,1.0,1.0,60.0,3.0,66.6666666667,0.007,33.9292006588,135
169.0.X1393,SP,1.0,1.0,7.0,1.0,46.6666666667,0.02,67.6227818685,130
128.0.X1088,SP,1.0,1.0,6.0,0.0,13.3333333333,0.05,17.2237817233,158
166.0.X1375,SP,1.0,1.0,14.0,12.0,8.0,0.01,112.311937366,910
42.0.X602,SP,11.0,0.0,0.0,0.0,7.0,0.007,60.3657028387,264
60.0.X1694,SP,2.0,1.0,9.0,0.0,8.0,0.004,21.5984494934,399
184.0.X1573,SP,3.0,1.0,10.0,240.0,5.0,0.001,67.9212331706,459
178.0.X1428,SP,1.0,1.0,2375.0,1.0,97.7777777778,0.0233333333333,nan,108
19.0.X1555,SP,0.5,0.5,11.5,1.0,10.0,0.0533333333333,nan,509
14.0.X1499,SP,0.5,0.5,8.88888888889,0.5,5.55555555556,0.007,nan,832
13.0.X1506,SP,0.5,0.5,17.5,0.5,2.22222222222,0.0233333333333,nan,958
7.0.X557,SP,0.5,0.0,16.6666666667,3.0,11.1111111111,0.01,nan,368
126.0.X1077,SP,1.0,0.0,420.0,1.0,13.3333333333,0.00366666666667,88.1216739332,331
151.0.X1271,SP,1.0,1.0,14.0,9.0,8.0,0.004,25.5254403104,125
132.0.X1171,SP,1.0,1.0,35.5555555556,2.0,40.0,0.001,51.9305265638,748
153.0.X1254,SP,1.0,8.0,14.0,3.0,8.0,0.02,31.2274309767,353
125.0.X1070,SP,1.0,5.0,20.0,0.0,10.0,0.000666666666667,80.1106126665,1222
53.0.X687,SP,1.0,1.0,10.0,0.0,8.0,0.0203333333333,15.9043128088,663
135.0.X1191,SP,1.0,1.0,17.0,1.0,41.6666666667,0.001,94.2477796077,1572
115.0.X875,SP,5.0,1.0,22.2222222222,60.0,13.0,0.0233333333333,71.2513213834,622
159.0.X1343,SP,1.0,1.0,15.0,46.6666666667,10.0,0.0203333333333,32.8453511933,421
91.0.X834,SP,1.0,1.0,12.0,5.0,25.0,NA,148.330297139,758
148.0.X1290,SP,1.0,1.0,1615.0,0.0,33.3333333333,0.007,30.3477850337,454
156.0.X1327,SP,1.0,8.0,12.0,4.0,15.0,0.0366666666667,17.6714586764,375
141.0.X1228,SP,4.0,1.0,225.0,8.0,5.0,0.0666666666667,50.8938009882,992
183.0.X1509,SP,1.0,1.0,12.0,1.0,23.3333333333,0.00366666666667,150.435164217,1518
118.0.X1020,SP,2.0,1.0,35.0,3.0,14.0,0.00366666666667,41.2334035784,538
79.0.X721,SP,1.0,1.0,10.0,1.0,11.0,0.0233333333333,nan,459
108.0.X872,SP,1.0,1.0,53.3333333333,6.0,17.7777777778,0.0336666666667,109.955742876,668
123.0.X1055,SP,1.0,1.0,990.0,3.0,17.7777777778,0.00666666666667,24.975661596,458
101.0.X839,SP,1.0,8.0,33.3333333333,11.0,3.0,NA,67.8584013175,933
31.0.X056,SP,12.0,1.0,25.0,1.0,16.6666666667,0.0203333333333,38.4845100065,748
86.0.X829,SP,1.0,1.0,80.0,1.0,14.0,0.00333333333333,22.7765467385,539
94.0.X835,SP,1.0,0.0,18.0,4.0,22.2222222222,0.0203333333333,nan,697
114.0.X847,SP,8.0,1.0,35.5555555556,10.0,13.3333333333,0.01,73.4347282777,1087
